     632
     504
     503
     389
     357
     790
     375
     420
     297
     767
     770
     499
     574
     483
     448
     444
     258
     634
     317
     340
     358
     562
     384
     397
     768
     727
     702
     376
     499
     907
     529
     552
     516
     803
    1100
     568
     330
     494
     922
     887
     850
     892
     881
     526
     451
     325
     843
     877
     845
     889
     883
     717
    1038
     844
     884
     888
     539
    1204
     746
    1002
     875
     889
     370
     304
     512
     384
     893
     859
     863
     892
     868
     892
     891
     610
     523
     578
     384
     845
     889
     852
     901
     848
     909
     883
     874
     383
     489
     455
     417
     509
     368
     563
     277
     628
     870
     875
     470
     413
     884
     496
     390
     441
     474
     917
     381
     539
     910
     929
     825
     901
     858
     896
     852
     869
     893
     893
     335
     513
     422
     439
     503
     393
     550
     335
     638
     395
     574
     401
     550
     944
     844
     896
     878
     851
     860
     322
     544
     381
     497
     292
     614
     409
     477
     469
     384
     547
     310
     620
     273
     657
     455
     460
     912
     910
     900
     911
     903
     892
     885
     887
     869
     843
     935
     843
     849
     889
     851
     869
     899
     894
     881
     841
     887
     883
     316
     536
     382
     481
     447
     416
     514
     389
     540
     569
     364
     899
     911
     893
     885
     889
     376
     509
     882
     557
     330
     553
     332
     893
     902
     889
     904
     916
     567
     372
     925
     756
    1112
     935
     944
     958
     948
     946
     936
     929
     913
     899
     913
     916
     917
     946
     775
    1100
     927
     626
    1237
     910
     898
     889
     883
     384
     491
     872
     868
     874
     877
     873
     889
     901
     918
     934
     938
     917
     908
     883
     861
     846
     835
     848
     849
     840
     833
     838
     846
     851
     859
     854
     856
     471
     376
     638
    1009
     826
     820
     818
     820
     846
     855
     899
     890
     890
     889
     875
     867
     860
     869
     865
     856
     869
     895
     894
     930
     956
     939
     948
     941
     920
     923
     904
     883
     887
     882
     875
     884
     905
     914
     919
     928
     898
     875
     877
     893
     902
     884
     889
     902
     924
     911
     893
     889
     875
     873
     874
     874
     887
     901
     941
     938
     915
     916
     909
     887
     870
     862
     845
     842
     831
     831
     832
     836
     847
     862
     872
     849
     849
     847
     845
     835
     835
     842
     850
     845
     841
     837
     822
     811
     806
     800
     806
     799
     804
     808
     831
     842
     852
     853
     859
     869
     867
     863
     862
     874
     875
     871
     865
     852
     848
     846
     845
     853
     879
     913
     954
     997
    1018
     995
     979
     977
     954
     940
     960
     958
     931
     937
     949
     939
     934
     937
     944
     935
     937
     917
     916
     923
     923
     945
     956
     961
    1000
    1029
    1018
     980
     958
     957
     964
     944
     927
     921
     914
     917
     927
     933
     940
     942
     945
     918
     910
     915
     917
     913
     898
     891
     892
     880
     872
     873
     862
     858
     864
     861
     874
     890
     913
     903
     899
     906
     916
     903
     882
     875
     877
     855
     868
     862
     872
     890
     920
     926
     929
     901
     894
     888
     879
     876
     882
     888
     872
     878
     867
     860
     867
     871
     869
     866
     865
     870
     868
     877
     870
     874
     862
     891
     883
     887
     889
     893
     887
     875
     854
     861
     843
     832
     825
     828
     833
     841
     842
     842
     844
     852
     850
     858
     854
     854
     847
     837
     831
     829
     830
     828
     829
     821
     825
     823
     822
     824
     831
     844
     864
     845
     845
     840
     844
     849
     845
     848
     855
     850
     843
     849
     855
     870
     861
     875
     881
     871
     890
     879
     882
     888
     888
     887
     897
     884
     890
     885
     887
     884
     896
     913
     906
     892
     886
     902
     907
     894
     899
     886
     868
     863
     858
     847
     845
     843
     836
     839
     832
     829
     834
     841
     845
     855
     865
     869
     869
     859
     863
     867
     861
     867
     889
     906
     923
     932
     916
     923
     920
     916
     915
     892
     880
     879
     878
     887
     881
     883
     882
     896
     912
     919
     930
     916
     920
     936
     929
     907
     900
     877
     868
     861
     857
     834
     843
     845
     829
     833
     840
     859
     874
     868
     871
     885
     876
     885
     895
     896
     893
     884
     878
     866
     860
     852
     857
     854
     854
     862
     869
     862
     870
     858
     852
     849
     846
     836
     821
     822
     818
     813
     811
     812
     827
     840
     855
     846
     846
     847
     839
     837
     828
     826
     822
     817
     812
     812
     809
     795
     797
     795
     792
     787
     792
     797
     812
     822
     823
     816
     822
     822
     817
     820
     825
     828
     845
     866
     881
     876
     867
     863
     853
     844
     842
     856
     855
     863
     873
     869
     862
     872
     870
     866
     860
     861
     851
     845
     845
     836
    1656
     821
     809
     807
     808
     810
     820
     828
     835
     837
     843
     840
     843
     834
     833
     833
     830
     828
     827
     828
     826
     825
     821
     830
     830
     835
     849
     850
     862
     869
     866
     867
     867
     862
     857
     853
     853
     844
     840
     833
     826
     830
     829
     821
     822
     821
     821
     824
     827
     834
     837
     843
     854
     878
     895
     893
     899
     889
     886
     878
     878
     867
     857
     866
     872
     882
     894
     910
     912
     918
     913
     905
     896
     889
     881
     878
     871
     868
     886
     898
     903
     920
     918
     930
     920
     914
     912
     905
     900
     886
     875
     872
     867
     862
     863
     865
     866
     885
     877
     882
     880
     873
     877
     873
     873
     875
     865
     853
     855
     847
     844
     844
     847
     849
     852
     852
     854
     849
     840
     847
     838
     840
     835
     834
     840
     844
     850
     849
     846
     845
     844
     841
     853
     862
     868
     861
     838
     826
     813
     807
     795
     785
     773
     759
     753
     741
     724
     709
     688
     704
     701
     690
     697
     702
     726
     753
     774
     792
     802
     814
     814
     822
     827
     830
     833
     843
     840
     833
     825
     826
     836
     858
     877
     873
     889
     895
     904
     880
     890
     892
     906
     906
     927
     947
     980
    1009
    1022
    1014
     990
     970
     964
     971
     956
     948
     957
     957
     948
     949
     950
     976
     975
     980
     982
     975
     980
    1006
     982
     991
    1000
    1009
     994
     996
     985
    1007
    1009
    1053
    1056
    1071
    1051
    1065
    1059
    1010
    1012
    1001
     998
     986
    1003
    1033
    1029
    1028
    1042
    1040
    1016
    1006
     991
     982
     997
     980
     972
     934
     933
     920
     933
     921
     938
     948
     951
     952
     972
     965
     937
     931
     936
     927
     912
     934
     940
     950
     931
     916
     921
     946
    1000
    1017
    1032
    1046
    1035
    1029
    1031
    1029
     999
    1005
     989
     951
     910
     883
     775
     983
     860
     854
     869
     901
     911
     943
     966
     969
     956
     947
     948
     964
     976
    1004
    1010
    1009
    1005
     979
    1002
    1023
    1035
    1003
     984
     964
     969
     959
     963
     957
     959
     969
     959
     962
     944
     940
     923
     913
     912
     911
     916
     916
     933
     938
     924
     913
     911
     898
     898
     908
     918
     929
     917
     920
     911
     892
     901
     912
     918
     929
     927
     928
     920
     903
     895
     889
     699
    1103
     917
     939
     955
     951
     952
     963
     959
     955
     958
     961
     946
     932
     913
     916
     914
     916
     915
     928
     921
     916
     911
     923
     904
     894
     874
     875
     871
     872
     881
     890
     895
     889
     908
     935
     939
     919
     927
     906
     905
     907
     900
     900
     886
     891
     892
     899
     903
     917
     914
     911
     909
     921
     923
     902
     900
     899
     902
     885
     900
     905
     903
     897
     891
     904
     890
     903
     919
     918
     910
     929
     919
     917
     921
     925
     915
     930
     934
     942
     936
     957
     950
     949
     931
     917
     885
     881
     874
     870
     873
     877
     885
     912
     912
     917
     929
     926
     918
     912
     902
     889
     874
     869
     861
     870
     883
     910
     912
     919
     916
     914
     919
     915
     911
     905
     890
     868
     867
     860
     852
     852
     862
     876
     882
     890
     900
     895
     895
     908
     908
     898
     905
     896
     898
     897
     895
     880
     875
     862
     851
     836
     831
     825
     819
     824
     823
     831
     827
     819
     821
     800
     792
     772
     771
     763
     763
     776
     782
     799
     818
     818
     836
     846
     845
     841
     834
     825
     825
     816
     810
     813
     819
     833
     851
     876
     901
     916
     922
     923
     930
     944
     961
     945
     968
     932
     920
     910
     902
     898
     895
     884
     890
     896
     897
     902
     896
     891
     889
     883
     878
     878
     878
     875
     877
     873
     877
     875
     870
     862
     864
     856
     854
     844
     847
     861
     873
     888
     905
     926
     938
     946
     943
     937
     935
     949
     948
     960
     960
     962
     964
     955
     954
     965
     958
     949
     947
     944
     956
     935
     928
     932
     910
     903
     885
     882
     880
     896
     916
     927
     936
     938
     932
     924
     927
     908
     904
     911
     920
     935
     947
     938
     949
     955
     964
     959
     958
     964
     951
     951
     952
     955
     949
     928
     911
     903
     899
     889
     891
     900
     911
     917
     921
     927
     924
     926
     943
     961
     964
     983
     985
     979
     986
     975
     964
     971
     958
     950
     938
     944
     949
     944
     958
     958
     954
     941
     941
     949
     944
     930
     944
     942
     928
     928
     922
     913
     927
     932
     934
     933
     927
     915
     898
     887
     886
     871
     873
     871
     873
     866
     860
     863
     864
     872
     886
     901
     910
     909
     901
     893
     890
     890
     888
     889
     888
     879
     867
     875
     880
     893
     916
     941
     965
     952
     963
     957
     919
     898
     891
     888
     874
     873
     881
     880
     881
     882
     893
     898
     904
     909
     909
     911
     920
     943
     947
     981
    1004
    1008
     986
     993
     987
     985
     981
     977
     980
     971
     977
     960
     964
     958
     963
     979
    1006
     998
    1020
    1015
    1002
    1009
     999
     989
     972
     972
     949
     926
     938
     924
     929
     960
     965
     952
     944
     938
     931
     908
     904
     905
     883
     876
     864
     859
     858
     853
     841
     845
     844
     833
     804
